Harris - Stephen corner detection results
Using provided image array (unchanged)
Image shape: (13, 13)

=== Input Image ===
58  59  59  64   58   61   58   51   50   51  51  54  49
59  60  57  58   58   58   58   53   50   51  51  52  54
58  61  61  60   61   57   61   49   51   53  53  51  52
57  60  62  63   58   57  199   54   50   51  53  50  52
58  57  57  59   58  196  193  194   54   50  51  51  53
57  57  60  62  194  194  195  198  195  198  50  54  50
17  19  17  23  194  196  193  194  194  197  51  51  54
16  19  17  21  194  194  194  195  194  197  53  52  53
17  18  19  21  195  193  199  198  197  195  52  52  49
16  20  18  20  194  193  194  197  196  194  50  52  53
17  18  21  21  194  195  197  193  195  194  51  52  52
16  19  20  17   84   85   87   85   86   87  51  52  51
17  16  21  88   85   84   85   86   86   87  50  50  51

=== Derivative Kernel - Kx (3x3, sigma=0.5) (sum(abs)=1) ===
0.020194  0  -0.020194
0.459612  0  -0.459612
0.020194  0  -0.020194

=== Derivative Kernel - Ky (3x3, sigma=0.5) (sum(abs)=1) ===
 0.020194   0.459612   0.020194
 0          0          0
-0.020194  -0.459612  -0.020194

=== Gaussian Window (3x3, sigma=0.6) (sum=1) ===
0.027488  0.110238  0.027488
0.110238  0.442096  0.110238
0.027488  0.110238  0.027488

=== Ix^2 smoothed (using 3x3 Gaussian window, zero padding) - floored ===
0    1     3     1     1     3    14    12     2     0     1    1  3
1    1     1     0     1     3    12    18     5     1     1    1  1
2    2     1     1   127   508   281   595   151     2     1    0  0
2    3     2   121  1093  2600  1310  2883  1181   126     2    1  1
1    1   120  1070  3099  2963  1225  3027  2712  1159   665  133  1
0    2   683  3540  4059  1283   242   619  1286  3501  3374  674  2
1    1  1181  5865  5742  1139     1     2   836  4206  4292  863  1
1    1  1288  6392  6219  1230     1     1   835  4213  4307  866  1
1    1  1283  6368  6204  1230     3     1   863  4303  4259  848  1
2    2  1262  6284  6179  1227     3     1   866  4295  4181  828  1
1    3  1031  5160  5169  1034     1     1   695  3458  3389  672  0
2   36   485  1778  1678   332     1     0   186   928   917  182  0
1  134   672   746   278    33     0     0    47   234   240   48  0

=== Iy^2 smoothed (using 3x3 Gaussian window, zero padding) - floored ===
  0    0    2    4     1     1     1     1     0     0    0  1  3
  0    1    2    3     2   118   465   117     1     1    1  1  2
  1    1    4    4   123  1075  2599  1120   136     1    1  1  1
  1    2    3  119  1077  3149  3682  3402  1386   694  137  1  0
 56   64   61  611  2906  3090  1747  3466  4167  3445  686  2  1
281  316  310  732  2310  1016   253  1174  3398  3383  687  2  1
281  321  345  362   470   106     2   127   637   671  138  1  2
 56   65   72   56    11     2     4     3     2     1    1  1  3
  0    0    0    0     0     1     1     2     1     1    1  0  1
  0    0    1   78   388   478   484   509   493   375   73  0  1
  0    0   25  475  1949  2411  2445  2515  2450  1874  366  1  1
  0    1  121  844  1996  2469  2520  2449  2409  1869  367  1  0
  0    1  142  634   513   497   508   485   478   373   74  1  0

=== IxIy smoothed (using 3x3 Gaussian window, zero padding) - floored ===
  0    0    -1     0      0     0    -1     -1      0      0     0    0  -2
  0   -1    -1     0      0    -6   -29     -9     -1      0     0   -1   0
 -1   -1    -1     0    124   468  -137   -589   -141     -1     0    0   0
 -1   -2    -2   118   1084  2555  -136  -2857  -1220   -168    -9    0   0
 -1   -5   -32   482   2914  2961   -65  -3128  -2960  -1214  -192   -5   0
 -5  -19  -181   -46   2257  1045   -10   -666  -1290  -2374  -649  -25   0
-10  -12  -243  -776    209   108     0     -6   -151   -543  -198  -17   0
 -2   -2   -61  -228    -51     1     1      0     10     37    -3   -4   0
  0    0    -6   -26     -9    -1     0     -1     13     67    60   11   0
  0    0    -9  -164   -521  -135     3      5    105    433   145   10   0
  0    0    -6  -568  -2196  -582    15     26    414   1714   486   15   0
  0    1   135   198  -1158  -361    -2     12    189    847   247    9   0
  0    6   170   528    -55   -58    -2      1     23    113    38    2   0

=== det(M) - floored ===
  0    0       3        4        1        4        7        4        0        0        0    1  2
  0    0       1        1        1      295     4504     1987        2        0        1    1  2
  0    2       2        3      309   327722   712587   319608      584        1        0    0  0
  1    2       5      390     1791  1663455  4803372  1646836   147549    59163      150    0  0
 28   59    6275   421784   518452   387491  2136090   709332  2539543  2517355   418860  236  1
 65  169  178796  2588238  4283438   212348    61167   282683  2707200  6207422  1896603  433  1
104  190  347672  1517856  2655097   109417        2      160   509270  2529878   553161  657  2
 58   46   88403   304968    66226     1956        4        2     1293     2494     2897  800  2
  0    0     401      880      929      725        5        2      950     1498     1598  268  1
  0    0     980   464481  2125652   568296     1239      657   415897  1422345   285467  247  0
  0    1   25224  2126559  5252230  2153589     2484     1199  1531236  3541512  1003381  295  0
  0   32   40426  1461398  2008664   688775     1302      776   413283  1017752   275818  176  0
  0  145   66613   194130   139440    13302      248      132    21750    74528    16235   30  0

=== trace(M)^2 - floored ===
    0       1       17        25         6        19       201       150         6         0         2       7  30
    1       3        9        14         7     14588    226695     18194        27         1         2       7   9
    5      11       23        20     62847   2505851   8294958   2940306     82203         7         2       2   1
    6      32       30     57606   4705964  33057620  24914176  39505344   6588426    672715     19355       2   1
 3239    4269    32660   2824975  36068788  36639896   8833774  42160236  47328232  21190364   1823174   18106   3
79212  100682   985832  18249562  40573032   5286924    245183   3212305  21938466  47385228  16490648  455980   5
79506  103872  2327604  38767848  38588624   1551055         9     16561   2168386  23793654  19622654  747218   9
 3282    4285  1849053  41569796  38809980   1517528        26        14    700700  17757828  18560344  752415  11
    1       1  1646959  40557928  38495276   1513294        24        11    747182  18531062  18145658  720077   4
    4       3  1594173  40474012  43121556   2907653    236859    260384   1846617  21809734  18100786  686226   2
    2       9  1113314  31749774  50669888  11865435   5983341   6327516   9890624  28419874  14094648  452698   1
    3    1337   367419   6874578  13503587   7844164   6352888   5998883   6737100   7824458   1650744   33828   0
    1   18189   662682   1905375    625319    281556    258903    235106    275391    368388     98234    2409   0

=== R (raw) = det(M) - k * trace(M)^2 (floored) ===
    0      0       2         2         1         3       -1       -2        0        0        0       1  0
    0      0       1         0         1      -289    -4564     1259        1        0        0       1  1
    0      1       1         1     -2205    227488   380788   201995    -2704        0        0       0  0
    0      1       3     -1915   -186448    341150  3806804    66622  -115988    32254     -625       0  0
 -102   -112    4968    308785   -924300  -1078105  1782738  -977078   646413  1669740   345933    -489  0
-3104  -3858  139363   1858255   2660516       871    51359   154190  1829661  4312013  1236976  -17807  0
-3077  -3965  254567    -32859   1111552     47374        1     -502   422534  1578131  -231746  -29232  1
  -74   -125   14440  -1357824  -1486173    -58746        2        1   -26735  -707820  -739517  -29297  1
   -1      0  -65477  -1621437  -1538882    -59807        3        1   -28937  -739745  -724229  -28536  0
   -1      0  -62787  -1154480    400789    451989    -8236    -9759   342032   549955  -438565  -27202  0
   -1      0  -19309    856568   3225435   1678971  -236851  -251902  1135611  2404716   439595  -17813  0
    0    -22   25728   1186415   1468520    375008  -252814  -239180   143799   704773   209788   -1178  0
    0   -583   40105    117915    114427      2039   -10109    -9273    10734    59792    12305     -67  0
R min (raw): -1621436.75
R max (raw): 4312013.5

=== R scaled (0-255) - floored ===
69  69  69   69   69   69   69  69   69   69   69  69  69
69  69  69   69   69   69   69  69   69   69   69  69  69
69  69  69   69   69   79   86  78   69   69   69  69  69
69  69  69   69   61   84  233  72   64   71   69  69  69
69  69  69   82   29   23  146  27   97  141   84  69  69
69  69  75  149  184   69   71  76  148  255  122  68  69
69  69  80   68  117   71   69  69   87  137   59  68  69
69  69  70   11    5   67   69  69   68   39   37  68  69
69  69  66    0    3   67   69  69   68   37   38  68  69
69  69  66   20   86   89   69  69   84   93   50  68  69
69  69  68  106  208  141   59  58  118  173   88  68  69
69  69  70  120  132   85   58  59   75   99   78  69  69
69  69  71   74   74   69   69  69   70   72   70  69  69
mean(R_scaled) (used for threshold): 75.66864013671875
std(R_scaled) (used for threshold): 32.75906753540039
Threshold T = mean(R_scaled) + 0.7*std(R_scaled): 98.59998741149903

=== R thresholded (scaled, 0-255) - floored ===
0  0  0    0    0    0    0  0    0    0    0  0  0
0  0  0    0    0    0    0  0    0    0    0  0  0
0  0  0    0    0    0    0  0    0    0    0  0  0
0  0  0    0    0    0  233  0    0    0    0  0  0
0  0  0    0    0    0  146  0    0  141    0  0  0
0  0  0  149  184    0    0  0  148  255  122  0  0
0  0  0    0  117    0    0  0    0  137    0  0  0
0  0  0    0    0    0    0  0    0    0    0  0  0
0  0  0    0    0    0    0  0    0    0    0  0  0
0  0  0    0    0    0    0  0    0    0    0  0  0
0  0  0  106  208  141    0  0  118  173    0  0  0
0  0  0  120  132    0    0  0    0   99    0  0  0
0  0  0    0    0    0    0  0    0    0    0  0  0

=== R after 3x3 Non-Maximum Suppression (floored) ===
0  0  0  0    0  0    0  0  0    0  0  0  0
0  0  0  0    0  0    0  0  0    0  0  0  0
0  0  0  0    0  0    0  0  0    0  0  0  0
0  0  0  0    0  0  233  0  0    0  0  0  0
0  0  0  0    0  0    0  0  0    0  0  0  0
0  0  0  0  184  0    0  0  0  255  0  0  0
0  0  0  0    0  0    0  0  0    0  0  0  0
0  0  0  0    0  0    0  0  0    0  0  0  0
0  0  0  0    0  0    0  0  0    0  0  0  0
0  0  0  0    0  0    0  0  0    0  0  0  0
0  0  0  0  208  0    0  0  0  173  0  0  0
0  0  0  0    0  0    0  0  0    0  0  0  0
0  0  0  0    0  0    0  0  0    0  0  0  0
Number of nonzero responses after thresholding: 18
Number of corners after NMS: 5

=== Detected corners (row, col, value) ===
  row    col    value
    3      6      233
    5      4      184
    5      9      255
   10      4      208
   10      9      173
