Harris - Stephen corner detection results
Using provided image array (unchanged)
Image shape: (13, 13)

=== Input Image ===
58  59  59  64   58   61   58   51   50   51  51  54  49
59  60  57  58   58   58   58   53   50   51  51  52  54
58  61  61  60   61   57   61   49   51   53  53  51  52
57  60  62  63   58   57  199   54   50   51  53  50  52
58  57  57  59   58  196  193  194   54   50  51  51  53
57  57  60  62  194  194  195  198  195  198  50  54  50
17  19  17  23  194  196  193  194  194  197  51  51  54
16  19  17  21  194  194  194  195  194  197  53  52  53
17  18  19  21  195  193  199  198  197  195  52  52  49
16  20  18  20  194  193  194  197  196  194  50  52  53
17  18  21  21  194  195  197  193  195  194  51  52  52
16  19  20  17   84   85   87   85   86   87  51  52  51
17  16  21  88   85   84   85   86   86   87  50  50  51

=== Derivative Kernel - Kx (3x3, sigma=0.5) (sum(abs)=1) ===
0.053253  -0  -0.053253
0.393493  -0  -0.393493
0.053253  -0  -0.053253

=== Derivative Kernel - Ky (3x3, sigma=0.5) (sum(abs)=1) ===
 0.053253   0.393493   0.053253
-0         -0         -0
-0.053253  -0.393493  -0.053253

=== Gaussian Window (3x3, sigma=0.6) (sum=1) ===
0.027682  0.111015  0.027682
0.111015  0.445213  0.111015
0.027682  0.111015  0.027682

=== Ix (image derivative in x) - floored ===
-1  -1   -3    0    1   -1   4   3   0  -1  -2   0   2
-1   0    0   -1    0   -1   2   4   0  -1  -1  -2  -1
-2  -2    0    0    1   -8   3  12  -2  -2   0   0  -1
-2  -3   -2    1   -5  -63   1  66   8  -2   0   0  -1
 0  -1   -2   -8  -61  -61   0  62  56   8   7  -1  -1
-1  -2   -3  -63  -69   -8  -2   7   7  64  64  -1   1
-1  -1   -2  -87  -85    0   0  -1  -2  71  72  -2  -2
-2  -1   -2  -89  -87   -1  -1   0  -1  70  72  -1  -1
-1  -1   -2  -89  -87   -2  -3   0   1  72  71   1   1
-2  -2   -1  -88  -87   -1  -2  -1   1  72  71  -2  -1
-1  -2   -2  -81  -82   -2   0   0  -1  66  65  -1   0
-2  -3   -4  -38  -36   -2  -1   0  -1  23  23  -1   0
 0  -2  -33  -32   -2   -1  -1  -1  -1  17  18  -1  -1

=== Iy (image derivative in y) - floored ===
-1  -1   1    2    0    1    0   -1   -1   -1   0   0  -3
-1  -1  -1    1   -1    1   -1    0   -1   -1  -1   0  -2
 0  -1  -3   -3   -1   -8  -56   -8   -1   -1  -1   0   0
 0   1   1    0   -7  -62  -68  -65   -9    1   0   0  -1
 0   1   1   -7  -61  -61  -14  -65  -73  -66  -7  -2   0
20  19  19    9  -52   -8   -1   -8  -63  -66  -8  -1  -1
20  19  21   18    2    0    0    1    0    0  -2   0  -2
 0   0  -1    0   -1    0   -3   -3   -2    0  -1  -1   2
-1  -1  -1    0    0    0   -1   -1   -1    1   1   0   0
-1  -1  -1   -1    0   -1    0    2    1    0   0  -1  -2
 0   0  -1    6   49   54   53   55   54   47   5   0   0
 0   0  -4  -21   45   55   55   53   54   47   6   0   0
-1   1  -5  -29   -5    0    0   -1   -1    0   0   0   0

=== Ix^2 (before smoothing) - floored ===
1  1     9     0     1     1  16     9     0     1     4  0  4
1  0     0     1     0     1   4    16     0     1     1  4  1
4  4     0     0     1    64   9   144     4     4     0  0  1
4  9     4     1    25  3969   1  4356    64     4     0  0  1
0  1     4    64  3721  3721   0  3844  3136    64    49  1  1
1  4     9  3969  4761    64   4    49    49  4096  4096  1  1
1  1     4  7569  7225     0   0     1     4  5041  5184  4  4
4  1     4  7921  7569     1   1     0     1  4900  5184  1  1
1  1     4  7921  7569     4   9     0     1  5184  5041  1  1
4  4     1  7744  7569     1   4     1     1  5184  5041  4  1
1  4     4  6561  6724     4   0     0     1  4356  4225  1  0
4  9    16  1444  1296     4   1     0     1   529   529  1  0
0  4  1089  1024     4     1   1     1     1   289   324  1  1

=== Iy^2 (before smoothing) - floored ===
  1    1    1    4     0     1     0     1     1     1   0  0  9
  1    1    1    1     1     1     1     0     1     1   1  0  4
  0    1    9    9     1    64  3136    64     1     1   1  0  0
  0    1    1    0    49  3844  4624  4225    81     1   0  0  1
  0    1    1   49  3721  3721   196  4225  5329  4356  49  4  0
400  361  361   81  2704    64     1    64  3969  4356  64  1  1
400  361  441  324     4     0     0     1     0     0   4  0  4
  0    0    1    0     1     0     9     9     4     0   1  1  4
  1    1    1    0     0     0     1     1     1     1   1  0  0
  1    1    1    1     0     1     0     4     1     0   0  1  4
  0    0    1   36  2401  2916  2809  3025  2916  2209  25  0  0
  0    0   16  441  2025  3025  3025  2809  2916  2209  36  0  0
  1    1   25  841    25     0     0     1     1     0   0  0  0

=== IxIy (before smoothing) - floored ===
  1    1   -3      0      0    -1     0     -3      0      1     0  0  -6
  1    0    0     -1      0    -1    -2      0      0      1     1  0   2
  0    2    0      0     -1    64  -168    -96      2      2     0  0   0
  0   -3   -2      0     35  3906   -68  -4290    -72     -2     0  0   1
  0   -1   -2     56   3721  3721     0  -4030  -4088   -528   -49  2   0
-20  -38  -57   -567   3588    64     2    -56   -441  -4224  -512  1  -1
-20  -19  -42  -1566   -170     0     0     -1      0      0  -144  0   4
  0    0    2      0     87     0     3      0      2      0   -72  1  -2
  1    1    2      0      0     0     3      0     -1     72    71  0   0
  2    2    1     88      0     1     0     -2      1      0     0  2   2
  0    0    2   -486  -4018  -108     0      0    -54   3102   325  0   0
  0    0   16    798  -1620  -110   -55      0    -54   1081   138  0   0
  0   -2  165    928     10     0     0      1      1      0     0  0   0

=== Ix^2 smoothed (using 3x3 Gaussian window, zero padding) - floored ===
0    1     4     1     0     2     9     7     1     1     2    1  2
1    1     1     0     2     8    12    25     6     1     1    2  1
3    3     1     1   120   471   258   552   146     4     0    0  0
3    5     5   113   971  2293  1140  2476   973   104     7    1  0
1    2   120  1015  2829  2650  1073  2551  2078   953   597  119  0
1    3   657  3447  4096  1273   223   541  1078  3082  3000  600  1
1    2  1172  5833  5756  1150     3     7   817  4077  4147  834  2
2    1  1310  6496  6320  1251     1     0   828  4175  4270  859  1
1    1  1315  6525  6363  1262     5     1   855  4270  4234  843  0
2    3  1262  6291  6217  1237     3     1   840  4183  4113  818  1
2    4   987  4933  4961   994     1     0   642  3196  3141  624  0
3   37   499  1847  1694   332     1     0   188   935   927  185  0
1  124   640   773   299    37     0     0    47   238   249   51  0

=== Iy^2 smoothed (using 3x3 Gaussian window, zero padding) - floored ===
  0    0    1    2     0     0     0     0     0     0    0  1  4
  0    1    2    2     2    94   352    94     2     0    0  0  2
  0    1    5    6   120   933  2147   976   133     3    0  0  0
  0    1    3  115   968  2845  3547  3119  1336   642  126  1  0
 54   61   58  530  2491  2729  1709  3210  4014  3133  633  9  0
272  308  279  533  1746   850   256  1091  3086  3019  638  9  1
272  315  324  287   342    82     5   118   563   595  129  3  2
 54   63   68   48     9     1     5     5     2     0    1  1  2
  0    0    0    0     0     0     1     2     1     0    0  0  0
  0    0    1   71   348   468   476   496   469   326   64  1  1
  0    0   18  388  1717  2352  2407  2459  2342  1636  321  3  0
  0    2   83  588  1660  2376  2470  2404  2324  1637  325  4  0
  0    3  118  485   425   478   497   476   463   327   65  0  0

=== IxIy smoothed (using 3x3 Gaussian window, zero padding) - floored ===
  0    0    -2    -1     -1    -1    -1     -2     -1      0     0   -1  -3
  0    0    -1    -1      1     1   -21    -16     -3      0     0    0   0
  0    0    -1     0    118   442   -97   -542   -137     -1     0    0   0
 -1   -2     0   112    968  2253  -101  -2502  -1091   -182   -21   -2   0
 -4   -8   -19   473   2572  2608   -53  -2747  -2621  -1192  -255  -19   0
-16  -30  -140    69   1997   938    -7   -635  -1252  -2164  -733  -62   0
-15  -22  -218  -684    144    90     0    -19   -168   -514  -246  -32   1
 -3   -4   -48  -170    -24     5     1      0      2     -2   -39  -10  -1
  0    1     3    12     12     2     1      0      7     37    31    6   0
  1    1    -3  -126   -453  -123    -3     -3     81    361   132   12   1
  0    0   -27  -609  -2014  -553   -22    -10    344   1533   534   40   0
 -1    6   126   119  -1081  -358   -40    -14    175    842   303   24   0
 -1   17   200   476    -54   -58   -10     -3     24    122    45    3   0

=== det(M) - floored ===
 0    0       0        1       -1       -1       -1       -4       -1        0        0     0  -1
 0    1       1       -1        3      751     3783     2094        3        0        0     0   2
 0    3       4        6      476   244079   544517   244988      649       11        0     0   0
-1    1      15      451     2904  1447576  4033379  1462640   109647    33644      441    -3   0
38   58    6599   314221   431855   430186  1830948   642701  1471451  1564885   312876   710   0
16   24  163703  1832490  3163607   202206    57039   187006  1759204  4621662  1376711  1556   1
47  146  332204  1206215  1947816    86200       15      465   431747  2161619   474447  1478   3
99   47   86776   282908    56304     1226        4        0     1652       -4     2749   759   1
 0   -1      -9     -144     -144       -4        4        2      806    -1369     -961   -36   0
-1   -1    1253   430785  1958307   563787     1419      487   387399  1233337   245808   674   0
 0    0   17037  1543123  4461841  2032079     1923     -100  1385228  2878567   723105   272   0
-1   38   25541  1071875  1643479   660668      870     -196   406287   821631   209466   164   0
-1   83   35520   148329   124159    14322     -100       -9    21185    62942    14160    -9   0

=== trace(M)^2 - floored ===
    0       1       25         9         0         4        81        49         1         1         4       4  36
    1       4        9         4        16     10404    132496     14161        64         1         1       4   9
    9      16       36        49     57600   1971216   5784025   2334784     77841        49         0       0   0
    9      36       64     51984   3759721  26399044  21967968  31304024   5331481    556516     17689       4   0
 3025    3969    31684   2387025  28302400  28933640   7739524  33189120  37112464  16695396   1512900   16384   0
74529   96721   876096  15840400  34128964   4507129    229441   2663424  17338896  37222200  13235044  370881   4
74529  100489  2238016  37454400  37185604   1517824        64     15625   1904400  21827584  18284176  700569  16
 3136    4096  1898884  42823936  40056240   1567504        36        25    688900  17430624  18241440  739600   9
    1       1  1729225  42575624  40487768   1592644        36         9    732736  18232900  17926756  710649   0
    4       9  1595169  40475044  43099224   2907025    229441    247009   1713481  20331080  17447328  670761   4
    4      16  1010025  28313040  44595684  11195716   5798464   6046681   8904256  23348224  11985444  393129   0
    9    1521   338724   5929225  11249316   7333264   6105841   5779216   6310144   6615184   1567504   35721   0
    1   16129   574564   1582564    524176    265225    247009    226576    260100    319225     98596    2601   0

=== R (raw) = det(M) - k * trace(M)^2 (floored) ===
    0     -1      -1         0        -1       -2       -5       -6       -2       -1       -1      -1  -3
   -1      0       0        -2         2      334    -1517     1527        0       -1       -1      -1   1
   -1      2       2         4     -1828   165230   313156   151596    -2465        9        0       0   0
   -2     -1      12     -1629   -147485   391614  3154660   210479  -103613    11383     -267      -4   0
  -83   -101    5331    218740   -700241  -727160  1521367  -684864   -13048   897069   252360      54   0
-2966  -3845  128659   1198874   1798448    21920    47861    80469  1065648  3132774   847309  -13280   0
-2935  -3874  242683   -291961    460391    25487       12     -160   355571  1288515  -256920  -26545   2
  -27   -117   10820  -1430050  -1545946   -61475        2       -1   -25904  -697229  -726909  -28825   0
   -1     -2  -69178  -1703169  -1619655   -63710        2        1   -28504  -730685  -718032  -28462   0
   -2     -2  -62554  -1188217    234338   447506    -7759    -9394   318859   420093  -452086  -26157  -1
   -1     -1  -23364    410601   2678013  1584250  -230016  -241968  1029057  1944638   243687  -15454   0
   -2    -23   11992    834706   1193506   367337  -243364  -231365   153881   557023   146765   -1265   0
   -2   -563   12537     85026    103191     3713    -9981    -9073    10781    50173    10216    -114   0
R min (raw): -1703169.0
R max (raw): 3154660.0

=== R scaled (0-255) - floored ===
89  89   89   89   89   89   89   89   89   89   89  89  89
89  89   89   89   89   89   89   89   89   89   89  89  89
89  89   89   89   89   98  105   97   89   89   89  89  89
89  89   89   89   81  109  255  100   83   90   89  89  89
89  89   89  100   52   51  169   53   88  136  102  89  89
89  89   96  152  183   90   91   93  145  253  133  88  89
89  89  102   74  113   90   89   89  108  157   75  88  89
89  89   89   14    8   86   89   89   88   52   51  87  89
89  89   85    0    4   86   89   89   87   51   51  87  89
89  89   86   27  101  112   88   88  106  111   65  88  89
89  89   88  110  229  172   77   76  143  191  102  88  89
89  89   90  133  152  108   76   77   97  118   97  89  89
89  89   90   93   94   89   88   88   89   92   89  89  89
mean(R) (used for threshold): 92513.8203125
std(R) (used for threshold): 615288.8125
Threshold T = mean(R) + 0.7*std(R): 523215.98906249995

=== R after threshold-to-zero (floored) ===
0  0  0        0        0        0        0  0        0        0       0  0  0
0  0  0        0        0        0        0  0        0        0       0  0  0
0  0  0        0        0        0        0  0        0        0       0  0  0
0  0  0        0        0        0  3154660  0        0        0       0  0  0
0  0  0        0        0        0  1521367  0        0   897069       0  0  0
0  0  0  1198874  1798448        0        0  0  1065648  3132774  847309  0  0
0  0  0        0        0        0        0  0        0  1288515       0  0  0
0  0  0        0        0        0        0  0        0        0       0  0  0
0  0  0        0        0        0        0  0        0        0       0  0  0
0  0  0        0        0        0        0  0        0        0       0  0  0
0  0  0        0  2678013  1584250        0  0  1029057  1944638       0  0  0
0  0  0   834706  1193506        0        0  0        0   557023       0  0  0
0  0  0        0        0        0        0  0        0        0       0  0  0

=== R after 3x3 Non-Maximum Suppression (floored) ===
0  0  0  0        0  0        0  0  0        0  0  0  0
0  0  0  0        0  0        0  0  0        0  0  0  0
0  0  0  0        0  0        0  0  0        0  0  0  0
0  0  0  0        0  0  3154660  0  0        0  0  0  0
0  0  0  0        0  0        0  0  0        0  0  0  0
0  0  0  0  1798448  0        0  0  0  3132774  0  0  0
0  0  0  0        0  0        0  0  0        0  0  0  0
0  0  0  0        0  0        0  0  0        0  0  0  0
0  0  0  0        0  0        0  0  0        0  0  0  0
0  0  0  0        0  0        0  0  0        0  0  0  0
0  0  0  0  2678013  0        0  0  0  1944638  0  0  0
0  0  0  0        0  0        0  0  0        0  0  0  0
0  0  0  0        0  0        0  0  0        0  0  0  0
Number of nonzero responses after thresholding: 16
Number of corners after NMS: 5

=== Detected corners (row, col, value) ===
  row    col    value
    3      6  3154660
    5      4  1798448
    5      9  3132774
   10      4  2678013
   10      9  1944638
